%YAML:1.0
CameraExtrinsicMat: !!opencv-matrix
   rows: 4
   cols: 4
   dt: d
   data: [-0.06840328403073599, 0.01155565930348903, -0.9975908266778881, 0.1231876215792406,
          0.08109429062103235, 0.9966884666021434, 0.005984694724019836, -0.03101119842185404,
          0.994356428431215, -0.0804895476464482, -0.06911386226501991, 0.00309541609929768,
          0.0, 0.0, 0.0, 1.0]
CameraMat: !!opencv-matrix
   rows: 3
   cols: 3
   dt: d
   data: [605.388935, 0.000000, 328.713958, 0.000000, 604.186359, 244.578455, 0.000000, 0.000000, 1.000000]
DistCoeff: !!opencv-matrix
   rows: 1
   cols: 5
   dt: d
   data: [0.109922, -0.262807, -0.001479, 0.002177, 0.000000]
image_width: 640
image_height: 480
username: Fuck
password: 123123
